ProjectBuildingDWID|ProjectID|BuildingID|BoroID|Block|Lot|BIN|HouseNumber|StreetName|TotalBuildingUnits|BaseSquareFootage|Stories
27178|39264|396384|3|01767|0035|3049130|570|WILLOUGHBY AVENUE|8||8
36565|39369|289672|3|01424|0049|3038411|897|EMPIRE BOULEVARD|58||6
5124|39399|804199|1|00333|0001|1082665|71|COLUMBIA STREET|277||21
7820|39399|804201|1|00333|0001|1086089|85|COLUMBIA STREET|277||3
28749|39399|804200|1|00333|0001|1082666|75|COLUMBIA STREET|277||21
33357|39399|9707|1|00333|0001|1082667|51|COLUMBIA STREET|278||21
702|39402|346992|3|01275|0043|3033211|856|NOSTRAND AVENUE|12||3
20258|39402|376813|3|01168|0065|3029289|633|STERLING PLACE|6||4
21706|39402|379302|3|01806|0041|3050783|260|MARCUS GARVEY BOULEVARD|3||2
31819|39402|219037|3|01509|0052|3040863|411|CHAUNCEY STREET|6||3
32600|39402|332583|3|01739|0004|3048506|529|MARCY AVENUE|4||4
23748|39480|110174|2|02603|0019|2004125|580|SOUTHERN BOULEVARD|21||2
4720|41408|47636|2|04659|0031|2057725|3511|BARNES AVENUE|125||5
38748|41493|12608|1|00879|0027|1018044|143|EAST 23 STREET|326||6
30935|43105|921356|1|01940|0025||211-213|WEST 134 STREET|5||2
3612|43276|342209|3|07268|0001|3320750|828|NEPTUNE AVENUE|315||20
6673|43276|809804|3|07268|0001|3320753|2879|WEST 12 STREET|315||20
26644|43276|809803|3|07268|0001|3320749|2823|WEST 12 STREET|316||20
25895|43276|809794|3|07268|0001|3320752|2954|WEST 8 STREET|315||6
36659|43276|809793|3|07268|0001|3320751|2892|WEST 8 STREET|315||20
32481|43311|41120|1|02006|0049|1060012|128|WEST 138 STREET|59||6
6442|43312|25332|1|01949|0018|1059238|528|MANHATTAN AVENUE|60||7
36492|43313|5609|1|02058|0001|1061221|1641|AMSTERDAM AVENUE|132||5
1105|43388|805099|1|00253|0001|1077591|30|MONROE STREET|140||13
1979|43388|805094|1|00253|0001|1077585|16|MONROE STREET|134||9
4783|43388|805102|1|00253|0001|1077591|36|MONROE STREET|106||13
7134|43388|805103|1|00253|0001|1077591|38|MONROE STREET|137||13
8262|43388|805104|1|00253|0001|1077591|40|MONROE STREET|137||
17542|43388|805093|1|00253|0001|1077585|14|MONROE STREET|139||13
18359|43388|805098|1|00253|0001|1077585|20|MONROE STREET|134||13
18840|43388|805101|1|00253|0001|1077591|34|MONROE STREET|123||13
20063|43388|25490|1|00253|0001|1077585|2|MONROE STREET|132||13
20743|43388|805092|1|00253|0001|1077585|12|MONROE STREET|150||13
23586|43388|805097|1|00253|0001|1077585|18|MONROE STREET|108||13
28176|43388|805100|1|00253|0001|1077591|32|MONROE STREET|150||13
17938|43566|923608|1|01080|0025||505|WEST 51 ST|10||3
16685|44072|561888|4|12206|0028|4265018|118-16|153 STREET|1|504|2
27907|45239|37078|1|01253|0010|1034178|319|WEST 94 STREET|124||4
28837|45586|906594|3|01330|0025||382|LEFFERTS AVENUE|46||
40441|48516|561918|4|12206|0044|4265033|118-48|153 STREET|2|710|2
40442|48517|652108|4|08940|0091|4184524|93-09|ELDERTS LANE|2|810|2
40444|48520|69955|2|04848|0030|2063802|817|EAST 223 STREET|3|1232|3
41196|48522|317579|3|01487|0017|3039849|874|JEFFERSON AVENUE|12||
41396|48524|581971|4|13052|0063|4280743|141-48|183 STREET|1|520|2
40450|48528|310368|3|03994|0020|3088786|338|HENDRIX STREET|2|616|3
40451|48529|653785|4|10858|0006|4232077|102-11|FARMERS BOULEVARD|1||2
41804|48531|557198|4|11977|0031|4259427|114-34|147 STREET|1|504|2
40478|48537|317091|3|01997|0020|3057383|28|JEFFERSON AVENUE|61||6
40479|48538|670527|4|10419|0062|4221695|187-07|KEESEVILLE AVENUE|1|760|3
39920|44365|937290|1|00456|0027|1000000|21|EAST 1 STREET|65|72437|12
40715|48033|579571|4|12467|0046|4269286|119-66|178 PLACE|1|684|2
40716|48037|674334|4|11970|0001|4259118|140-02|LINDEN BOULEVARD|1|800|2
39891|46017|935093|2|02453|0061|200000|232|EAST 169 STREET|34|34912|8
39892|46017|935094|2|02621|0032|200000|601|EAST 163 STREET|25|30978|6
40729|47926|375146|3|00389|0057|3006017|31|ST MARKS PLACE|3||3
40730|47926|154977|3|00797|0029|3013475|258|51 STREET|3||4
40731|47926|130270|3|00959|0002|3020276|237|5 AVENUE|6||3
40785|48375|85975|2|04657|0113|2057705|3557|HOLLAND AVENUE|2|1140|3
40725|48087|939398|2|02334|0043|2091158|253|EAST 142 STREET|101||
40726|48087|939251|2|02334|0038|200000|250|EAST 144 STREET|100||
40776|47932|940238|3|01210|0039|300000|108|ALBANY AVENUE|6||2
40777|47932|378834|3|01630|0040|3044498|186|STUYVESANT AVENUE|7||3
40778|47932|358433|3|01651|0018|3045478|752|PUTNAM AVENUE|4||
40779|47932|359493|3|01625|0067|3044284|609|QUINCY STREET|2||4
40780|47932|376430|3|01372|0055|3036515|1429|STERLING PLACE|2||2
40723|48068|939350|3|02341|0009|3062292|50|NORTH 5 STREET|229|54850|7
40787|47933|60412|2|02861|0010|2008342|1664|DAVIDSON AVENUE|17||6
40336|47933|60420|2|02861|0021|2008348|1694|DAVIDSON AVENUE|31||6
40337|47933|60424|2|02861|0050|2008358|1702|DAVIDSON AVENUE|22||6
40338|47933|60438|2|02861|0114|2008369|1770|DAVIDSON AVENUE|66||6
40340|47933|96793|2|02798|0013|2007462|1750|MONROE AVENUE|6||4
40369|47933|60440|2|02861|0119|2008370|1780|DAVIDSON AVENUE|43||15
40786|48380|62749|2|02314|0001|2000689|271|EAST 138 STREET|145||5
40759|48305|58942|2|02397|0003|2001652|578|COURTLANDT AVENUE|6||5
40760|48305|58947|2|02397|0007|2001655|596|COURTLANDT AVENUE|15||5
40761|48305|58964|2|02398|0008|2001661|630|COURTLANDT AVENUE|13||6
40762|48305|58945|2|02397|0006|2001654|582|COURTLANDT AVENUE|11||5
40763|48305|58949|2|02397|0009|2001656|598|COURTLANDT AVENUE|15||5
40620|47799|52016|2|04424|0022|2051220|2440|BRONX PARK EAST|55||6
40356|47821|80016|2|02761|0024|2006324|1150|GARRISON AVENUE|54||5
40357|47821|87883|2|02762|0037|2006432|854|HUNTS POINT AVENUE|18||6
40358|47821|87890|2|02762|0044|2006435|866|HUNTS POINT AVENUE|22||6
40359|47821|87892|2|02762|0045|2006436|868|HUNTS POINT AVENUE|22||5
40360|47821|108736|2|02762|0047|2006437|1212|SENECA AVENUE|19||5
40361|47821|108737|2|02762|0049|2006438|1216|SENECA AVENUE|20||6
40362|47821|108738|2|02762|0051|2006439|1220|SENECA AVENUE|28||6
40363|47821|53803|2|02762|0149|2006471|850|BRYANT AVENUE|48||6
40364|47821|77397|2|02762|0023|2006429|817|FAILE STREET|10||5
40365|47821|90953|2|02763|0080|2006499|1276|LAFAYETTE AVENUE|48||6
40366|47821|87860|2|02763|0155|2006532|737|HUNTS POINT AVENUE|29||5
40367|47821|77391|2|02763|0158|2006533|721|FAILE STREET|29||5
40368|47821|110410|2|02765|0079|2006596|1212|SPOFFORD AVENUE|69||3
40649|47865|65635|2|03010|0021|2010936|1008|EAST 174 STREET|20|5000|5
40650|47865|92453|2|03002|0025|2010885|1715|LONGFELLOW AVENUE|67|17250|6
40373|48452|64613|2|02620|0025|2004376|574|EAST 163 STREET|16||6
40374|48452|62343|2|02620|0029|2004389|925|EAGLE AVENUE|16||6
40375|48452|64614|2|02620|0027|2004377|578|EAST 163 STREET|16||5
40342|47774|83655|2|02869|0009|2008585|1820|HARRISON AVENUE|75||6
40487|47775|107505|2|03894|0001|2028121|1403|ROSEDALE AVENUE|55||2
40562|48633|85076|2|05026|0047|2069373|4111|HILL AVENUE|2|1140|3
40341|47886|5378|1|02217|0022|1064712|552|ACADEMY STREET|72|150000|5
40557|48365|25115|1|00277|0004|1079222|81|MADISON STREET|20||
41386|48873|941823|2|04791|0129|200000|2901|ELY AVENUE|2||6
41387|48873|941824|2|04791|0128|200000|2903|ELY AVENUE|2||
41388|48873|941825|2|04791|0127|200000|2905|ELY AVENUE|2||
41389|48873|941826|2|04791|0126|200000|2907|ELY AVENUE|2||
41390|48873|941827|2|04791|0125|200000|2909|ELY AVENUE|2||
41391|48873|941828|2|04791|0124|200000|2911|ELY AVENUE|2||
41392|48873|941829|2|04791|0123|200000|2913|ELY AVENUE|2||
41393|48873|941830|2|04791|0122|200000|2915|ELY AVENUE|2||
41394|48873|941831|2|04791|0121|200000|2917|ELY AVENUE|2||
41395|48873|941832|2|04791|0022|200000|2919|ELY AVENUE|2||
40877|49139|547690|4|11759|0065|4255197|124-42|135 PLACE|1|720|2
40830|48884|12002|1|00395|0012|1004927|620|EAST 13 STREET|138||10
40689|47945|295976|3|01168|0060|3324387|736|FRANKLIN AVENUE|7||4
40873|48888|8119|1|02084|0061|1062251|3696|BROADWAY|20||4
40815|48887|57693|2|03737|0037|2023761|1160|COLGATE AVENUE|17|3362|4
41939|48910|946091|2|05141|0326|200000|2219|GIVAN AVENUE|79|6366|11
40805|48755|72098|2|05000|0001|2068251|855|EAST 233 STREET|108||
41933|49270|947270|1|00779|0007|100000|257|WEST 29 STREET|37|2396|14
40869|48733|386227|3|01159|0004|3028779|665|VANDERBILT AVENUE|7|1716|4
41779|49517|945811|2|03360|0070||3580|WEBSTER AVENUE|95|16331|13
41063|48892|53714|2|03001|0006|2010870|1522|BRYANT AVENUE|11|4509|11
41879|48891|88316|2|02859|0001|2008319|1484|INWOOD AVENUE|27|7000|6
41060|49275|394700|3|07055|0013|3189540|2950|WEST 24 STREET|120|6541|20
41061|49275|809816|3|07055|0013|3189540|2960|WEST 24 STREET|120|6541|20
41062|49275|809817|3|07055|0013|3189540|2970|WEST 24 STREET|120|6541|20
40867|48744|373695|3|01378|0080|3036845|1363|ST JOHNS PLACE|7||5
40559|48623|355158|3|01275|0059|3033220|1167|PRESIDENT STREET|8||
40868|48730|118661|2|02580|0024|2003946|539|WALES AVENUE|12|2325|4
41050|49272|944498|1|00919|0058|100000|202|EAST 39 STREET|91|6500|19
40925|48681|375409|3|03031|0013|3327900|18|STAGG STREET|10|1977|3
40926|48681|375410|3|03031|0014|3327902|20|STAGG STREET|9|1977|3
40927|48681|340340|3|02835|0002|3069873|512|MORGAN AVENUE|8|1400|4
40928|48681|375411|3|03031|0015|3327904|22|STAGG STREET|9|1977|3
40899|49060|52764|2|02365|0026|2001202|873|BROOK AVENUE|20|5000|5
40900|49060|95625|2|02384|0007|2001520|920|MELROSE AVENUE|4|2900|4
40901|49060|64309|2|02419|0013|2001902|320|EAST 160 STREET|6|2475|4
40902|49060|64260|2|02405|0013|2001758|370|EAST 159 STREET|4|2500|3
40903|49060|64510|2|02408|0033|2001803|369|EAST 162 STREET|16|3352|5
40919|48685|332710|3|01819|0008|3051453|817|MARCY AVENUE|4|2000|3
40920|48685|317155|3|01835|0007|3052414|346|JEFFERSON AVENUE|9|4000|4
40921|48685|346837|3|01832|0050|3052225|466|NOSTRAND AVENUE|7|2757|4
40922|48685|381637|3|01820|0004|3051468|351|TOMPKINS AVENUE|3|2500|4
40923|48685|330794|3|01818|0086|3051446|223|MADISON STREET|8|3600|4
40924|48685|346832|3|01827|0060|3051874|456|NOSTRAND AVENUE|12|4000|4
39702|44865|929205|2|03140|0001|200000|1041|EAST 179TH ST|65|3194|8
40833|46264|942271|3|01859|0001|300000|33|ALBANY AVENUE|50|11540|10
40829|48739|942254|1|00859|0069|100000|110|MADISON AVENUE|18||
41328|46262|941223|1|01846|0001|100000|240|MANHATTAN AVENUE|69||3
41051|49273|944527|3|02732|0030|3068062|59|FROST STREET|47|6676|7
40486|48555|940434|3|02482|0026|300000|1133|MANHATTAN AVENUE|210||5
41786|49576|945948|2|04647|0074|200000|3639|WHITE PLAINS ROAD|69|12581|6
40832|48743|942270|1|01171|0165|100000|21|WEST END AVENUE|616|38295|43
41816|44420|946583|1|00405|0045|100000|535|EAST 11 STREET|46|3218|8
41239|48690|744417|5|01020|0020|5110130|160|HEBERTON AVENUE|43|11102|4
40842|49070|357675|3|01486|0025|3039818|1074|PUTNAM AVENUE|3|855|3
40843|49070|359775|3|01653|0059|3045637|104|RALPH AVENUE|7|1680|4
40844|49070|357669|3|01486|0020|3039813|1064|PUTNAM AVENUE|5|1625|3
41427|49070|334864|3|01501|0026|3040340|706|MAC DONOUGH STREET|4|1313|3
41436|49070|357634|3|01484|0047|3039736|1001|PUTNAM AVENUE|6|1300|4
41439|49070|357677|3|01486|0027|3039820|1078|PUTNAM AVENUE|13|3805|4
41445|49070|213832|3|01484|0015|3039725|1438|BROADWAY|9|1540|4
40987|48677|58929|2|02329|0083|2091146|485|COURTLANDT AVENUE|12|7000|4
40989|48677|806497|2|02329|0083|2091148|357|EAST 146 STREET|8|9400|4
40991|48677|58933|2|02329|0072|2000874|515|COURTLANDT AVENUE|8|6400|4
41913|48677|806394|2|02329|0083|2091145|483|COURTLANDT AVENUE|8|7000|4
41250|47838|308509|3|01594|0039|3043084|340|HART STREET|2|800|2
41251|47838|378847|3|01589|0047|3042950|22|STUYVESANT AVENUE|8|2100|4
41252|47838|321654|3|01601|0068|3043233|375|KOSCIUSZKO STREET|4|1380|3
41253|47838|321766|3|01607|0027|3043454|540|KOSCIUSZKO STREET|6|1620|4
41254|47838|322621|3|01607|0068|3043486|981|LAFAYETTE AVENUE|3|1100|3
41255|47838|322622|3|01607|0067|3043485|983|LAFAYETTE AVENUE|3|1100|3
41256|47838|357508|3|01594|0065|3043098|315|PULASKI STREET|8|1695|4
41257|47838|379255|3|01594|0003|3043067|143|MARCUS GARVEY BOULEVARD|7|1444|4
41258|47838|322548|3|01606|0074|3043431|903|LAFAYETTE AVENUE|2|855|3
41205|48689|36448|1|01217|0057|1032217|166|WEST 87 STREET|202||
40329|48415|32960|1|00996|0014|1022613|127|WEST 43 STREET|281||10
41171|48765|85441|2|02749|0022|2006113|1050|HOE AVENUE|21|4000|5
41172|48765|313693|3|01550|0036|3042159|186|HOPKINSON AVENUE|32|10000|4
41173|48765|28118|1|01958|0054|1059439|432|ST NICHOLAS AVENUE|10|2490|5
41174|48765|822049|2|02964|0029|2114127|825|EAST 170 STREET|80|40000|5
41175|48765|24535|1|02038|0009|1060610|67|MACOMBS PLACE|34|6675|6
41176|48765|28116|1|01958|0056|1059441|428|ST NICHOLAS AVENUE|11|3188|5
41177|48765|85438|2|02749|0020|2006112|1046|HOE AVENUE|21|4000|5
41178|48765|313692|3|01550|0031|3042158|178|HOPKINSON AVENUE|28|10000|4
41179|48765|42524|1|02038|0007|1060609|259|WEST 152 STREET|24|5000|6
41180|48765|28117|1|01958|0055|1059440|430|ST NICHOLAS AVENUE|11|3188|5
41286|48765|26937|1|01710|0026|1053086|307|PLEASANT AVENUE|17|3780|6
41287|48765|19049|1|01655|0014|1052410|231|EAST 105 STREET|8|2523|4
41288|48765|19048|1|01655|0013|1052409|229|EAST 105 STREET|8|2535|4
41296|48765|19506|1|01643|0008|1052233|117|EAST 115 STREET|21|4423|6
41303|48765|309680|3|04478|0001|3098665|996|HEGEMAN AVENUE|24|6600|4
40814|47770|10596|1|00372|0019|1004359|292|EAST 3 STREET|7||5
40314|47824|49684|2|02879|0263|2009149|1898|BILLINGSLEY TERRACE|26||5
40311|47826|26271|1|01625|0071|1078908|1265|PARK AVENUE|10||5
40312|47826|18849|1|01628|0049|1051812|178|EAST 101 STREET|10||6
40313|47826|18848|1|01629|0030|1051847|177|EAST 101 STREET|38||
40050|44423|927243|3|03998|0006|300000|315|JEROME STREET|3|978|3
40059|44423|927530|3|04035|0013|300000|525|LINWOOD STREET|12|3922|3
40061|44423|927206|3|04026|0002|300000|371|VAN SICLEN AVENUE|8|2891|4
40736|44423|939774|3|03998|0006|300000|317|JEROME STREET|3|958|3
40737|44423|939775|3|03998|0006|300000|319|JEROME STREET|3|963|3
40628|47822|38611|1|01717|0010|1053182|71|WEST 118 STREET|10||3
40629|47822|38612|1|01717|0009|1053181|73|WEST 118 STREET|10||5
40630|47822|38614|1|01717|0107|1053223|77|WEST 118 STREET|3||5
40631|47822|38617|1|01717|0005|1053177|83|WEST 118 STREET|4||5
40632|47822|38563|1|01924|0008|1058415|273|WEST 118 STREET|10||5
40633|47822|38565|1|01924|0007|1058414|275|WEST 118 STREET|10||5
40634|47822|38567|1|01924|0006|1058413|277|WEST 118 STREET|10||5
40635|47822|38569|1|01924|0005|1058412|279|WEST 118 STREET|10||5
40772|47822|3980|1|01924|0001|1058408|2190|FREDERICK DOUGLASS BOULEVARD|8||5
40655|47873|37822|1|01844|0055|1055730|60|WEST 109 STREET|30||5
40656|47873|37774|1|01863|0047|1056015|122|WEST 109 STREET|10||5
40659|47873|37776|1|01863|0049|1056017|126|WEST 109 STREET|30||4
40651|47866|324898|3|01591|0040|3339157|72|LEWIS AVENUE|36||5
40654|47867|221554|3|01910|0052|3329837|249|CLASSON AVENUE|79||6
40316|48126|109776|2|02724|0005|2093935|975|SIMPSON STREET|59||6
40317|48126|92380|2|02757|0028|2006279|1075|LONGFELLOW AVENUE|46||5
40318|48126|109777|2|02724|0005|2000000|995|SIMPSON STREET|59||6
40319|48126|53579|2|02757|0010|2006275|1094|BRYANT AVENUE|54||6
40320|48126|92381|2|02757|0024|2006278|1083|LONGFELLOW AVENUE|45||6
40321|48126|109647|2|02724|0005|2000000|1000|SIMPSON STREET|59||5
40322|48126|806951|2|02724|0005|2093936|985|SIMPSON STREET|59||6
40323|48126|77341|2|02750|0020|2006147|1076|FAILE STREET|28||6
40292|47882|86426|2|02753|0024|2006182|1014|HOME STREET|20||5
40293|47882|122045|2|02754|0025|2006191|1170|WEST FARMS ROAD|11||5
40294|47882|118492|2|02996|0022|2010789|1572|VYSE AVENUE|12||4
40295|47882|118491|2|02996|0020|2010788|1566|VYSE AVENUE|20||4
40296|47882|53641|2|02999|0016|2010820|1434|BRYANT AVENUE|20||2
40297|47882|53592|2|02753|0026|2006183|1160|BRYANT AVENUE|24||5
40298|47882|806557|2|03002|0001|2010881|961|EAST 173 STREET|19||8
40299|47882|118477|2|02996|0008|2010785|1536|VYSE AVENUE|20||5
40300|47882|65627|2|02978|0202|2010527|911|EAST 173 STREET|13||5
40301|47882|118468|2|02996|0001|2010782|1522|VYSE AVENUE|20||5
40302|47882|53632|2|02994|0042|2010746|1415|BRYANT AVENUE|23||5
40303|47882|110075|2|02978|0200|2010526|1675|SOUTHERN BOULEVARD|15||5
40304|47882|53644|2|02999|0018|2094590|1438|BRYANT AVENUE|5||5
40305|47882|122047|2|02754|0027|2006192|1174|WEST FARMS ROAD|10||5
40306|47882|53736|2|02997|0046|2010805|1665|BRYANT AVENUE|38||5
40307|47882|65626|2|02978|0203|2010528|909|EAST 173 STREET|16||6
40308|47882|65630|2|02996|0023|2010790|960|EAST 173 STREET|12||5
40309|47882|118489|2|02996|0018|2010787|1562|VYSE AVENUE|21||5
40330|47882|53737|2|02997|0042|2010804|1675|BRYANT AVENUE|42||5
39355|44373|927009|1|02069|0021|100000|414|WEST 155 STREET|124||13
40664|45961|938859|1|00701|0043|100000|502|WEST 30 STREET|386||5
40724|48086|939397|4|09681|0091|400000|148-19|90 AVENUE|65|8982|9
40641|47831|5611|1|02073|0033|1061797|1648|AMSTERDAM AVENUE|8|2500|5
40642|47831|5613|1|02073|0035|1061799|1652|AMSTERDAM AVENUE|8|2500|5
40644|47831|41631|1|02073|0037|1061801|502|WEST 142 STREET|8|1401|3
40694|47831|5614|1|02073|0036|1061800|500|WEST 142 STREET|8|2060|5
40695|47831|5618|1|02058|0058|1061258|476|WEST 143 STREET|12|2998|5
40796|48390|224175|3|00319|0019|3003573|151|COLUMBIA STREET|4||4
40797|48390|224168|3|00319|0025|3003578|143|COLUMBIA STREET|7||4
40798|48390|224181|3|00319|0015|3003569|159|COLUMBIA STREET|4||4
40799|48390|224220|3|00330|0003|3004076|201|COLUMBIA STREET|2||3
40800|48390|224173|3|00319|0020|3003574|149|COLUMBIA STREET|8||4
40285|48390|224188|3|00319|0011|3003565|165|COLUMBIA STREET|3||3
40765|48060|396401|3|01760|0069|3048876|609|WILLOUGHBY AVENUE|9||4
40766|48060|396399|3|01760|0070|3048877|607|WILLOUGHBY AVENUE|9||5
40768|48060|387005|3|01760|0016|3048833|162|VERNON AVENUE|4||3
40769|48060|396432|3|01760|0053|3048860|639|WILLOUGHBY AVENUE|4||4
40770|48060|396403|3|01760|0068|3048875|611|WILLOUGHBY AVENUE|9||4
40775|48060|381509|3|01767|0038|3049131|150|TOMPKINS AVENUE|20||5
40624|47798|22711|1|00286|0006|1003709|219|HENRY STREET|23||6
40445|48521|42593|1|02099|0011|1062464|631|WEST 152 STREET|50||6
40453|48532|314148|3|01467|0001|3324684|495|HOWARD AVENUE|32||4
40454|48532|334829|3|01497|0062|3040182|671|MAC DONOUGH STREET|8||4
40455|48532|218996|3|01514|0016|3041043|350|CHAUNCEY STREET|8||4
40456|48532|314056|3|01519|0007|3041222|217|HOWARD AVENUE|8||4
40457|48532|330074|3|01666|0056|3046525|539|MACON STREET|8||4
40458|48532|338749|3|01987|0018|3057063|18|MONROE STREET|8||4
40459|48532|321730|3|01606|0021|3043402|466|KOSCIUSZKO STREET|8||4
40460|48532|295766|3|01973|0041|3056546|372|FRANKLIN AVENUE|8||4
40461|48532|317655|3|01486|0057|3039835|967|JEFFERSON AVENUE|8||4
40462|48532|357588|3|01770|0072|3049296|47|PULASKI STREET|8||4
40463|48532|354897|3|03694|0024|3083617|80|POWELL STREET|8||4
40464|48532|207338|3|03743|0016|3084011|108|BELMONT AVENUE|8||5
40465|48532|357943|3|01990|0058|3057230|161|PUTNAM AVENUE|8||4
40466|48532|331346|3|01988|0047|3057148|99|MADISON STREET|8||4
40467|48532|308808|3|01767|0068|3049144|89|HART STREET|8||4
40468|48532|222613|3|01788|0067|3049904|283|CLIFTON PLACE|8||4
40469|48532|809139|3|01467|0001|3324685|1756|PARK PLACE|24||4
40470|48532|809566|3|01467|0001|3324686|1785|STERLING PLACE|16||4
40497|48532|808474|3|01491|0012|3332543|894|HANCOCK STREET|8||4
40498|48532|335134|3|01531|0006|3041584|62|MAC DOUGAL STREET|8||4
41800|48532|333160|3|01521|0009|3041307|392|MARION STREET|8||4
41049|48890|59889|2|03083|0068|2012405|2129|CROTONA AVENUE|45|39465|5
41799|49628|20629|1|01775|0006|1054496|107|EAST 126 STREET|255|23797|11
41789|49569|20765|1|01775|0165|1054499|112|EAST 128 STREET|157|15687|12
40918|48686|32921|1|01033|0006|1024937|351|WEST 42 STREET|308|8045|21
41142|49103|59514|2|02872|0312|2008717|1479|CROMWELL AVENUE|72|13320|6
40806|48754|865282|1|02026|0033|1085368|202|WEST 141 STREET|69||
41067|48896|216940|3|02044|0013|3257033|101|CARLTON AVENUE|135|51000|5
40905|48766|118500|2|02997|0013|2010801|1690|VYSE AVENUE|37|6995|6
40906|48766|89105|2|02872|0252|2008697|1604|JESUP AVENUE|29|4688|6
40907|48766|93706|2|02872|0365|2008721|1601|MACOMBS ROAD|53|9282|6
40908|48766|109403|2|02873|0103|2008741|1551|SHAKESPEARE AVENUE|72|12958|6
40909|48766|65697|2|02997|0026|2010803|978|EAST 174 STREET|38|7441|6
40910|48766|118495|2|02997|0005|2010799|1668|VYSE AVENUE|37|6989|6
40911|48766|118502|2|02997|0017|2010802|1698|VYSE AVENUE|37|7001|6
40912|48766|85558|2|02983|0038|2010611|1685|HOE AVENUE|37|7122|6
40913|48766|118497|2|02997|0009|2010800|1680|VYSE AVENUE|37|6977|6
40914|48766|118493|2|02997|0001|2010798|1662|VYSE AVENUE|37|7384|6
41053|48889|809794|3|07268|0001|3320752|2954|WEST 8 STREET|318|10164|20
41054|48889|809804|3|07268|0001|3320753|2879|WEST 12 STREET|312|10164|20
41055|48889|342209|3|07268|0001|3320750|828|NEPTUNE AVENUE|318|10164|20
41057|48889|809803|3|07268|0001|3320749|2823|WEST 12 STREET|314|10164|20
41058|48889|809793|3|07268|0001|3320751|2892|WEST 8 STREET|314|10164|20
41356|48660|74399|2|02909|0012|2009533|440|EAST TREMONT AVENUE|9|2880|4
41357|48660|65832|2|02908|0015|2009523|442|EAST 176 STREET|24|3920|4
41358|48660|48245|2|03044|0029|2011442|1991|BATHGATE AVENUE|15|3075|5
41359|48660|65833|2|02908|0017|2009524|446|EAST 176 STREET|24|3920|4
41360|48660|119798|2|03046|0003|2011471|2028|WASHINGTON AVENUE|34|5925|6
41355|48660|119759|2|02917|0006|2009562|1824|WASHINGTON AVENUE|8|2403|4
41116|48625|362389|3|01368|0001|3036296|191|ROCHESTER AVENUE|19|3790|4
41117|48625|339245|3|01638|0078|3044756|759|MONROE STREET|8|1733|4
41118|48625|338754|3|01817|0036|3051316|184|MONROE STREET|20|3015|4
41119|48625|232147|3|01504|0014|3040499|518|DECATUR STREET|4|731|3
41120|48625|849296|3|01381|0036||1682-1700|STERLING PLACE|32|6641|4
40561|48632|5374|1|02218|0042|1064729|541|ACADEMY STREET|24|3500|5
40563|48632|5376|1|02218|0044|1064730|545|ACADEMY STREET|25|4000|5
40564|48632|5379|1|02218|0048|1064732|553|ACADEMY STREET|25|4000|5
40565|48632|5381|1|02218|0054|1064733|565|ACADEMY STREET|26|4000|5
41232|47883|321688|3|01601|0050|3043222|409|KOSCIUSZKO STREET|3||4
41233|47883|321682|3|01601|0053|3043224|403|KOSCIUSZKO STREET|13||4
41234|47883|306149|3|01663|0086|3046345|675|HALSEY STREET|6||3
41235|47883|306147|3|01663|0088|3046347|671|HALSEY STREET|6||
41236|47883|321678|3|01601|0055|3043225|399|KOSCIUSZKO STREET|12||3
39685|44350|928130|2|02867|0125|200000|92|WEST TREMONT AVENUE|61|11311|7
40566|48634|5380|1|02218|0050|1084223|557|ACADEMY STREET|26|3440|5
40567|48634|803993|1|02218|0050|1080035|561|ACADEMY STREET|25|3440|5
40955|48897|8023|1|02087|0031|1062299|3405|BROADWAY|16|16020|6
41065|47772|9980|1|02062|0014|1061438|400|CONVENT AVENUE|39|9992|6
41775|48788|9827|1|01841|0004|1055594|927|COLUMBUS AVENUE|12|1910|5
40569|48657|115745|2|02557|0078|2003696|500|TRINITY AVENUE|69|13925|6
40570|48657|88530|2|02557|0056|2003695|455|JACKSON AVENUE|60|10092|6
41194|48657|88527|2|02578|0006|2003905|440|JACKSON AVENUE|49|8762|6
41195|48657|118659|2|02580|0026|2003947|535|WALES AVENUE|10|2092|5
41377|48902|88267|2|02722|0001|2087653|854|INTERVALE AVENUE|15|2557|4
40816|48895|57674|2|03737|0018|2092814|1130|COLGATE AVENUE|12|2644|4
40817|48895|806382|2|03737|0018|2092818|1140|COLGATE AVENUE|12|2487|4
40818|48895|806379|2|03737|0018|2092815|1132|COLGATE AVENUE|12|2644|4
40819|48895|806380|2|03737|0018|2092816|1136|COLGATE AVENUE|12|2608|4
40820|48895|806383|2|03737|0018|2092819|1142|COLGATE AVENUE|12|2644|4
40821|48895|806381|2|03737|0018|2092817|1138|COLGATE AVENUE|12|2634|4
40822|48895|806384|2|03737|0018|2092820|1146|COLGATE AVENUE|12|2590|4
41249|48752|110157|2|02600|0131|2004084|490|SOUTHERN BOULEVARD|137|55000|5
41413|48125|62692|2|02281|0021|2091010|428|EAST 137 STREET|72||6
41414|48125|806463|2|02281|0021|2091013|461|EAST 136 STREET|36||6
41415|48125|52695|2|02287|0046|2091065|367|BROOK AVENUE|24||6
41416|48125|806617|2|02287|0046|2091067|489|EAST 142 STREET|24||6
41417|48125|814549|2|02287|0046|2091066|377|BROOK AVENUE|24||6
41418|48125|830339|2|02287|0046|2103367|499|EAST 142 STREET|24||
40886|47921|943824|1|01671|0001|100000|1922|2 AVENUE|176|142000|10
41443|48726|947852|4|00006|0080|400000|1-50|50 AVENUE|619|45770|37
41793|49143|945536|4|00006|0006|4540070|1-55|BORDEN AVENUE|306|11550|32
39914|46299|936841|3|01384|0052|300000|1373|LINCOLN PLACE|87|6493|12
41197|47805|59179|2|03171|0037|2092415|2239|CRESTON AVENUE|28|3938|5
41198|47805|59207|2|03172|0025|2013888|2333|CRESTON AVENUE|30|4435|5
41199|47805|59205|2|03172|0028|2013889|2323|CRESTON AVENUE|37|5044|5
41200|47805|806404|2|03171|0037|2092414|2241|CRESTON AVENUE|27|3889|5
41774|49534|945858|2|02988|0016|200000|1500|HOE AVENUE|84|11347|8
41992|48003|927001|2|03515|0001|200000|1711|LACOMBE AVENUE|120|18353|8
39505|44275|927186|3|03413|0005|300000|803|KNICKERBOCKER AVENUE|24||
40940|44369|943963|3|01451|0048|300000|414|HOWARD AVENUE|7|2073|4
39648|44369|927815|3|01451|0042|300000|404|HOWARD AVENUE|14|2194|4
40222|44369|927816|3|01452|0001|300000|1459|ST MARKS AVENUE|7|1809|4
40235|44369|927814|3|01447|0067|300000|1969|BERGEN STREET|16|2907|5
40696|44258|928027|1|01831|0047|100000|228|WEST 116 STREET|10|1643|6
39655|44258|927117|1|01846|0055|100000|312|WEST 112 STREET|8|1705|4
39657|44258|928029|1|01922|0058|100000|274|WEST 117 STREET|8|1632|4
41428|44258|928028|1|01831|0021|100000|215|WEST 115 STREET|5|1261|4
41940|44362|947316|2|03805|0018|200000|2026|WESTCHESTER AVENUE|134|14298|7
39912|45142|936185|1|02123|0068|100000|2142|AMSTERDAM AVENUE|44||6
40963|48771|50377|2|02614|0041|2004286|1189|BOSTON ROAD|20|4203|5
40964|48771|64911|2|02679|0021|2005028|818|EAST 166 STREET|15|2700|5
40965|48771|64901|2|02633|0020|2004506|656|EAST 166 STREET|15|2510|5
40966|48771|120457|2|02427|0032|2002106|1267|WEBSTER AVENUE|11|1987|5
40967|48771|116817|2|02876|0083|2008826|1632|DR M L KING JR BOULEVARD|25|4113|5
40968|48771|113800|2|02927|0009|2009633|3758|3 AVENUE|18|3523|5
40969|48771|56847|2|02427|0018|2002100|1268|CLAY AVENUE|12|2315|5
40970|48771|50382|2|02663|0001|2004739|1212|BOSTON ROAD|20|3235|5
40971|48771|806680|2|02608|0019|2004201|1109|FRANKLIN AVENUE|24|4269|5
40972|48771|120450|2|02427|0044|2002113|1241|WEBSTER AVENUE|8|1967|4
40973|48771|116824|2|02876|0095|2008831|1658|DR M L KING JR BOULEVARD|21|3580|5
40974|48771|120458|2|02427|0031|2002105|1273|WEBSTER AVENUE|10|2011|5
40975|48771|116827|2|02876|0100|2008832|1700|DR M L KING JR BOULEVARD|22|4196|5
40976|48771|806301|2|02663|0001|2004740|1214|BOSTON ROAD|16|3177|5
40977|48771|64974|2|02613|0024|2004267|600|EAST 167 STREET|20|3428|5
40978|48771|806302|2|02663|0001|2004741|1216|BOSTON ROAD|17|2846|5
40979|48771|56602|2|02928|0014|2009645|538|CLAREMONT PARKWAY|12|3469|5
40980|48771|120452|2|02427|0042|2002111|1245|WEBSTER AVENUE|7|1950|4
39882|46076|934663|2|03360|0076|200000|3560|WEBSTER AVENUE|135|12362|13
40831|48772|928127|3|04452|0700|300000|524|VANDALIA AVENUE|64||6
41922|48772|944106|3|04452|0400||516|VANDALIA AVENUE|64||6
41923|48772|944105|3|04452|0190||526|SCHROEDERS AVENUE|47||5
41760|45301|945740|1|01652|0050|100000|222|EAST 104 STREET|89|10313|11
40031|44345|927118|2|02582|0047|200000|539|UNION AVENUE|126||8
39894|45677|935209|3|05088|0030|300000|226|LINDEN BOULEVARD|72|4631|9
40685|47843|85570|2|02746|0015|2092023|940|HOE AVENUE|19||5
40686|47843|806755|2|02746|0015|2092024|932|HOE AVENUE|21||5
40687|47843|806756|2|02746|0015|2092022|936|HOE AVENUE|21||5
40688|47843|92541|2|02721|0041|2005744|1023|LONGWOOD AVENUE|19||5
40324|48414|357108|3|01160|0027|3028871|364|PROSPECT PLACE|11||4
40325|48414|374758|3|01147|0038|3028252|357|ST MARKS AVENUE|8||4
40326|48414|388891|3|01160|0044|3028881|738|WASHINGTON AVENUE|7||4
40327|48414|357086|3|01153|0058|3028579|333|PROSPECT PLACE|8||4
40331|48423|208138|3|01219|0020|3030653|1050|BERGEN STREET|12||5
40332|48423|346868|3|01207|0005|3030039|575|NOSTRAND AVENUE|6||4
40333|48423|349494|3|01200|0058|3029769|1265|PACIFIC STREET|5||4
40334|48423|349496|3|01200|0057|3029768|1267|PACIFIC STREET|7||4
40335|48425|43065|1|02111|0105|1062668|453|WEST 166 STREET|13||6
40432|48514|205788|3|01319|0006|3034939|1779|BEDFORD AVENUE|6||4
40433|48514|377014|3|01314|0086|3034790|131|STERLING STREET|16||3
40434|48514|377017|3|01314|0083|3034789|137|STERLING STREET|16||4
40435|48514|377021|3|01314|0080|3034788|143|STERLING STREET|16||4
40436|48514|364924|3|04805|0065|3107126|651|RUTLAND ROAD|16||4
40437|48514|221348|3|05056|0073|3116030|167|CLARKSON AVENUE|19||3
40438|48515|339832|3|01309|0039|3034548|470|MONTGOMERY STREET|20||4
40439|48515|808872|3|01309|0039|3034549|480|MONTGOMERY STREET|32||4
40440|48515|339839|3|01309|0049|3034552|500|MONTGOMERY STREET|30||5
40481|48540|108503|2|03248|0150|2015291|2710|SEDGWICK AVENUE|98||6
40712|47477|939239|2|02334|0038|2091158|253|EAST 142 STREET|101||
40713|47477|939251|2|02334|0038|200000|250|EAST 144 STREET|100||
39919|45336|937164|2|02370|0013|200000|1070|WASHINGTON AVENUE|49|6932|7
40033|44349|927224|2|02839|0010|200000|12|CLARKE PLACE EAST|73|10830|11
40204|44349|927743|2|02839|0036|200000|27|EAST 169 STREET|33|4500|13
39507|44336|927188|2|04007|0015|200000|1160|LEBANON STREET|51||
40230|44336|927855|2|04007|0015|200000|1175|EAST TREMONT AVENUE|54||
40231|44336|927856|2|03909|0008|200000|1172|EAST TREMONT AVENUE|36||
39865|45990|952434|3|01349|0033|3396730|110|ROCHESTER AVENUE|107||6
39268|44320|926978|4|04978|0025|400000|136-50|37 AVENUE|143||14
39813|44403|932936|2|02527|0050|200000|240|WEST 167 STREET|155|12296|11
39649|44544|928019|3|01542|0044|300000|21|TRUXTON STREET|48||5
39366|44377|927011|3|01329|0059|300000|329|LINCOLN ROAD|22|2350|6
40489|45206|940450|1|01780|0075|100000|200|EAST 131 STREET|140||14
41397|45578|25214|1|01846|0031|1055757|272|MANHATTAN AVENUE|57|8132|7
41073|49281|944555|4|10090|0021|400000|107-04|150 STREET|13|3256|4
41074|49281|550156|4|09970|0023|4213647|89-06|138 STREET|9|1951|3
41139|49455|42407|1|02036|0010|1060588|287|WEST 150 STREET|20|3444|5
41408|49010|346924|3|01233|0047|3031212|722|NOSTRAND AVENUE|2|1092|4
41955|49939|529728|4|12202|0083|4264760|150-41|116 DRIVE|1||2
41857|48640|945034|2|02934|0050|200000|1351|BOSTON ROAD|43|3201|7
41087|48049|41031|1|02023|0013|1060205|241|WEST 137 STREET|5|1140|5
41088|48049|42401|1|02036|0024|1060593|271|WEST 150 STREET|11|3230|5
41089|48049|38114|1|01823|0041|1055024|110|WEST 114 STREET|10|2210|5
41090|48049|2630|1|01751|0071|1054129|2049|5 AVENUE|24|4400|7
41091|48049|28357|1|01954|0015|1059377|8|ST NICHOLAS TERRACE|10|2652|5
41112|48626|363723|3|01254|0006|3032217|177|ROGERS AVENUE|8|1972|4
41113|48626|214946|3|01208|0047|3030115|96|BROOKLYN AVENUE|8|2658|3
41114|48626|197987|3|01683|0079|3047691|295A|BAINBRIDGE STREET|8|1283|4
41115|48626|359983|3|01508|0006|3040760|233|RALPH AVENUE|2|899|3
41952|49285|947478|1|00345|0017|100000|331|EAST HOUSTON STREET|78|4984|13
41163|47861|396594|3|03207|0008|3072879|992|WILLOUGHBY AVENUE|8|2375|4
41225|48704|63982|2|02401|0012|2001712|374|EAST 155 STREET|21||
41736|48704|806523|2|02400|0015|2001690|384|EAST 154 STREET|31||
41777|48704|57040|2|02948|0018|2009923|1781|CLINTON AVENUE|24||
41778|48704|57048|2|02948|0014|2009922|1805|CLINTON AVENUE|11||
40864|48748|381140|3|01760|0041|3048853|266|THROOP AVENUE|6|1800|4
40862|48745|326394|3|01386|0073|3037197|1479|LINCOLN PLACE|9||4
40939|48738|373715|3|01378|0069|3036834|1389|ST JOHNS PLACE|8||4
41883|48641|946834|2|02814|0008|200000|304|ECHO PLACE|55|4585|6
39888|45223|934780|N/A|N/A|N/A|N/A|N/A|N/A|51|8616|6
40859|45223|943249|N/A|N/A|N/A|N/A|N/A|N/A|70|5475|6
41109|48735|39110|1|01906|0057|1057695|158|WEST 122 STREET|8|936|5
41110|48735|39419|1|01908|0056|1057806|152|WEST 124 STREET|19|1885|5
41111|48735|20752|1|01751|0044|1054106|70|EAST 127 STREET|17|1827|6
41761|48735|1327|1|01785|0027|1054590|2353|2 AVENUE|9|1616|5
41192|48937|21460|1|00507|0010|1007852|244|ELIZABETH STREET|19|3268|5
40981|48928|806388|2|02443|0170|2093926|773|CONCOURSE VILLAGE EAST|313|11319|24
40982|48928|97290|2|02443|0170|2093926|775|CONCOURSE VILLAGE EAST|313|11319|24
40983|48928|109464|2|02443|0080|2002455|780|SHERIDAN AVENUE|312|6000|24
40984|48928|806181|2|02443|0080|2101571|790|CONCOURSE VILLAGE WEST|312|6000|24
40985|48928|806390|2|02443|0080|2002455|800|CONCOURSE VILLAGE WEST|314|6000|24
40986|48928|806389|2|02443|0170|2093926|779|CONCOURSE VILLAGE EAST|314|11319|24
41070|49276|944544|1|01037|0030|100000|733|8 AVENUE|12|2247|7
39256|44306|926973|3|02270|0010|300000|640|BROADWAY|7|2970|4
42055|44888|949804|2|03355|0121|200000|3349|WEBSTER AVENUE|115|12442|8
40703|48013|60013|2|02948|0028|2009926|701|CROTONA PARK NORTH|24|3675|5
40704|48013|60014|2|02948|0025|2009925|705|CROTONA PARK NORTH|20|2866|5
40705|48013|59349|2|03748|0059|2024101|1131|CROES AVENUE|4|1640|2
40706|48013|60061|2|02985|0023|2010620|1922|CROTONA PARKWAY|17|4512|4
41107|49391|945214|1|00806|0034|100000|855|6 AVENUE|375|32988|43
42069|48929|949024|1|00700|0027|1012420|515|WEST 28 STREET|375|39000|35
40947|49026|85641|2|03067|0024|2011941|2501|HOFFMAN STREET|25|4000|5
41121|48621|120994|2|02521|0001|2003337|127|WEST 170 STREET|40||
41122|48621|120999|2|02534|0038|2003557|185|WEST 170 STREET|21||
41123|48621|100201|2|02524|0020|2003443|919|OGDEN AVENUE|4||
40484|48543|10700|1|00386|0011|1004612|250|EAST 4 STREET|34||14
40427|48510|52792|2|02264|0001|2000024|190|BROWN PLACE|21|4503|5
40428|48510|65086|2|02673|0001|2004870|783|EAST 168 STREET|9|2450|4
40429|48510|45442|2|02504|0059|2003038|954|ANDERSON AVENUE|9|3538|4
40499|48510|120933|2|02511|0064|2003186|100|WEST 163 STREET|9|2500|4
41424|47850|63568|2|02274|0033|2000115|541|EAST 147 STREET|10|1778|5
41425|47850|63567|2|02274|0034|2000116|539|EAST 147 STREET|11|1779|5
40615|47767|70285|2|04838|0021|2063397|755|EAST 224 STREET|7|1580|3
40616|47767|70287|2|04838|0020|2063396|757|EAST 224 STREET|7|1580|3
40617|47767|70671|2|04850|0051|2063899|812|EAST 226 STREET|6|1507|3
40618|47767|49424|2|03080|0082|2012339|2076|BELMONT AVENUE|15|2134|5
40619|47767|49429|2|03081|0013|2012356|2121|BELMONT AVENUE|19|3545|5
40681|47914|76119|2|02842|0029|2008080|25|ELLIOT PLACE|43|7700|5
41950|49909|498639|4|08971|0046|4185701|89-23|89 STREET|1|490|2
16012|45846|363821|3|01329|0007|3035332|429|ROGERS AVENUE|7||
24895|45852|934040|4|00413|0022||23-10|41ST AVENUE|117|18500|17
19928|45862|19873|1|01688|0037|1052966|332|EAST 117 STREET|8||4
29736|45862|7982|1|01993|0092|1059858|3163|BROADWAY|23||6
36837|45863|185926|3|01433|0028|3038567|2170|ATLANTIC AVENUE|35||5
796|45872|46461|2|02603|0030|2004130|1044|AVENUE ST JOHN|47||4
2494|45872|115803|2|02630|0051|2004495|837|TRINITY AVENUE|60||5
9587|45872|60294|2|02550|0038|2003611|235|CYPRESS AVENUE|40||6
13880|45872|110491|2|02617|0014|2004321|664|ST ANNS AVENUE|15||6
13376|45872|110178|2|02603|0026|2004129|596|SOUTHERN BOULEVARD|27||6
28205|45872|58941|2|02397|0001|2091193|574|COURTLANDT AVENUE|30||6
38673|45872|62715|2|02550|0044|2003612|649|EAST 137 STREET|48||6
38381|45872|91414|2|02708|0001|2005543|941|LEGGETT AVENUE|45||5
3674|45884|950092|2|03360|0176|2117656|3600|WEBSTER AVENUE|51||12
39122|45887|117126|2|03300|0029|2017004|2706|VALENTINE AVENUE|25||5
2710|45889|66409|2|03050|0089|2011573|509|EAST 182 STREET|16||5
19786|45889|117118|2|03300|0017|2016998|2678|VALENTINE AVENUE|11||5
4037|45890|65171|2|02481|0019|2002965|40|EAST 169 STREET|42||4
3402|45894|3389|1|01824|0003|1079444|1885|ADAM C POWELL BOULEVARD|19||6
26143|45894|803864|1|01824|0003|1079445|1889|7 AVENUE|12||6
1458|45902|810143|3|02885|0032|3338307|29|DEBEVOISE AVENUE|12|3992|3
9394|45902|810125|3|02885|0028|3339195|302|JACKSON STREET|9|3336|3
22701|45902|810123|3|02885|0020|3338305|28|KINGSLAND AVENUE|12|3892|3
25768|45902|810124|3|02885|0023|3338308|276|JACKSON STREET|12|3346|3
36693|45902|368730|3|03097|0012|3071457|110|SEIGEL STREET|6|1250|3
12744|45906|64751|2|02447|0049|2002517|264|EAST 165 STREET|8||4
34969|45906|64750|2|02447|0048|2002516|258|EAST 165 STREET|8||4
35516|45906|64752|2|02447|0050|2002518|266|EAST 165 STREET|11||4
1725|45908|20397|1|01786|0039|1079434|224|EAST 122 STREET|4||4
12944|45908|19638|1|01644|0026|1052293|161|EAST 116 STREET|3||3
13548|45908|20135|1|01783|0042|1054541|210|EAST 119 STREET|13||5
14224|45908|1311|1|01796|0054|1054775|2330|2 AVENUE|3||4
15284|45908|24098|1|01772|0055|1054448|2026|LEXINGTON AVENUE|16||5
20392|45908|1323|1|01785|0025|1054588|2349|2 AVENUE|9||4
21367|45908|19787|1|01644|0068|1052319|112|EAST 117 STREET|10||4
24598|45908|19808|1|01645|0124|1052360|155|EAST 117 STREET|3||6
32680|45908|19799|1|01644|0057|1052313|140|EAST 117 STREET|4||5
35319|45908|19793|1|01644|0164|1052331|120|EAST 117 STREET|5||3
5352|45909|1225|1|01683|0002|1052867|2164|2 AVENUE|3||4
4331|45909|19410|1|01683|0006|1052871|307|EAST 111 STREET|8||6
12891|45909|19573|1|01709|0010|1053046|423|EAST 115 STREET|18||6
13434|45909|1222|1|01661|0021|1052501|2161|2 AVENUE|4||4
13743|45909|19024|1|01632|0046|1051974|162|EAST 105 STREET|5||4
35203|45909|19381|1|01660|0043|1052483|212|EAST 111 STREET|8||4
26440|45924|373816|3|01387|0013|3037202|1604|ST JOHNS PLACE|33||4
30257|45924|373821|3|01387|0024|3037204|1620|ST JOHNS PLACE|32||4
36232|45924|373827|3|01387|0029|3037205|1630|ST JOHNS PLACE|34||
40246|44254|927951|1|01073|0001|1088825|530|WEST 45 STREET|297||14
40247|44254|948422|1|01073|7503|1088816|510|WEST 45 STREET|243||14
42120|44254|926998|1|01073|0001|1083785|550|WEST 45TH STREET|698||31
42001|50568|514177|4|09493|0037|4200851|126-19|103 AVENUE|1|704|2
40747|48254|316613|3|00147|0002|3000324|365|JAY STREET|18|5250|6
40239|44303|927939|3|04309|0001|300000|660|JEROME STREET|51|7188|4
40370|48444|307978|3|03278|0036|3074789|251|HARMAN STREET|6||4
40371|48444|327776|3|03322|0028|3076073|73|LINDEN STREET|12||6
41326|48783|379365|3|01588|0001|3042921|99|MARCUS GARVEY BOULEVARD|139||9
41327|48783|809753|3|01588|0001|3341749|300|VERNON AVENUE|128||2
40916|49058|64797|2|02622|0005|2004395|576|EAST 165 STREET|68|13517|6
41784|48639|945946|2|02614|0038|200000|1191|BOSTON ROAD|155||
41785|49575|945947|2|02369|0012|200000|1016|WASHINGTON AVENUE|65|11739|10
40993|48678|125023|2|02284|0004|2000280|288|WILLIS AVENUE|7|7425|3
40994|48678|940965|2|02284|0006|2000281|292|WILLIS AVENUE|3|3000|3
40995|48678|58930|2|02329|0082|2000877|495|COURTLANDT AVENUE|4|5200|4
40996|48678|58944|2|02397|0005|2001653|580|COURTLANDT AVENUE|10|9635|5
40997|48678|88544|2|02579|0010|2003919|512|JACKSON AVENUE|8|7040|4
40998|48676|42815|1|02118|0048|1062803|517|WEST 159 STREET|20|3606|5
40999|48676|42813|1|02118|0046|1062802|515|WEST 159 STREET|15|1930|5
41000|48676|42818|1|02118|0050|1062804|521|WEST 159 STREET|20|3524|5
40660|47880|37823|1|01845|0005|1055743|63|WEST 109 STREET|13||5
40661|47880|805824|1|01844|0005|1055715|65|WEST 108 STREET|10||5
40662|47880|805825|1|01844|0005|1055714|67|WEST 108 STREET|9||6
40663|47880|37761|1|01843|0058|1055701|68|WEST 108 STREET|10||5
39913|46061|936478|1|00700|0018|100000|517|WEST 28 STREET|690||
40683|47844|63058|2|02285|0060|2000341|475|EAST 140 STREET|10||5
40684|47844|44886|2|02301|0002|2000583|270|ALEXANDER AVENUE|14||5
40884|48683|18986|1|01610|0009|1051500|21|EAST 104 STREET|36|4400|6
40885|48683|18990|1|01610|0013|1051501|29|EAST 104 STREET|34|4400|6
41154|48886|66855|2|03174|0024|2013923|62|EAST 190 STREET|27|7131|5
41155|48886|66882|2|03276|0036|2016344|353|EAST 193 STREET|11|3053|5
41156|48886|67110|2|03283|0037|2016501|364|EAST 197 STREET|14|2850|4
41157|48886|117124|2|03300|0027|2017003|2698|VALENTINE AVENUE|10|4690|5
41158|48886|117122|2|03300|0023|2017001|2690|VALENTINE AVENUE|10|3973|5
41159|48886|117114|2|03300|0011|2016995|2666|VALENTINE AVENUE|11|2884|5
41160|48886|51243|2|03293|0135|2016825|2621|BRIGGS AVENUE|49|13000|5
41383|48809|392929|3|00539|0021|3008471|722|HENRY STREET|16||4
40804|48760|45408|2|02508|0043|2003145|1001|ANDERSON AVENUE|22|4350|6
41161|47862|112023|2|02523|0150|2003424|1015|SUMMIT AVENUE|37|6150|6
41936|48909|947309|2|05141|1001|200000|2217|GIVAN AVENUE|101|8866|11
40594|44807|930774|4|09757|0018|400000|90-11|160 STREET|101|13899|9
41947|44249|927160|2|03146|0067|200000|2311|TIEBOUT AVENUE|20|3036|7
39890|45280|935092|2|02690|0034|200000|899|WESTCHESTER AVENUE|141|21195|8
39972|44241|927154|3|03183|0031|300000|62|TROUTMAN STREET|3||
40207|44241|927760|3|03229|0041|300000|11|DODWORTH STREET|3||
40208|44241|927761|3|03241|0001|300000|1132|DE KALB AVENUE|3||
40209|44241|927762|3|03265|0032|300000|84|STANHOPE STREET|3||
40210|44241|927763|3|03285|0071|300000|1175|GREENE AVENUE|3||
40211|44241|927764|3|03296|0058|300000|103|BLEECKER STREET|3||
40839|44241|942592|3|03342|0042|300000|205|PALMETTO STREET|3||
40840|44241|942593|3|03342|0043|300000|203|PALMETTO STREET|3||4
40860|44241|943257|3|03342|0041|300000|207|PALMETTO STREET|3||
40861|44241|943259|3|03241|0001|300000|1130|DE KALB AVENUE|3||
40488|48559|940441|1|01675|0011|100000|315|EAST 103 STREET|50||
41912|48559|804630|1|01675|0011|1079349|330|EAST 104 STREET|50||
40257|44366|927961|1|01645|0003|100000|110|EAST 118 STREET|87||
39880|45675|934659|2|03310|0029|200000|100|EAST 204 STREET|57|4926|9
41794|49481|946226|2|02370|0035|200000|3361|3 AVENUE|63|4628|7
40866|48746|353050|3|03738|0001|3083921|277|PENNSYLVANIA AVENUE|16|3240|4
40740|47652|939802|3|03589|0006|300000|203|RIVERDALE AVENUE|66|8940|6
40937|49067|64306|2|02360|0070|2001154|530|EAST 159 STREET|44|10000|6
42009|50602|808434|3|03061|0018|3325854|157|GRAHAM AVENUE|76|7281|5
42010|50602|331239|3|01648|0019|3045327|800|MADISON STREET|99|14634|4
42011|50602|231421|3|01130|0075|3027676|683|DEAN STREET|61|8389|3
42077|50414|66368|2|03133|0013|2013267|966|EAST 181 STREET|42|7303|5
42078|50414|118564|2|03134|0001|2013270|2134|VYSE AVENUE|38|7681|5
42079|50414|66360|2|03125|0012|2013180|908|EAST 181 STREET|54|10789|5
42080|50414|118550|2|03128|0029|2013233|2103|VYSE AVENUE|45|10482|5
42081|50414|66361|2|03128|0009|2013230|924|EAST 181 STREET|35|5723|5
42082|50414|66363|2|03128|0013|2013231|934|EAST 181 STREET|40|6698|5
42083|50414|118563|2|03129|0029|2013243|2131|VYSE AVENUE|20|5278|5
41953|49931|306590|3|01832|0066|3052241|117|HANCOCK STREET|2||4
39699|44812|928895|2|02693|0009|2098564|1224|PROSPECT AVENUE|59|16000|8
42130|49248|937485|N/A|N/A|N/A|N/A|N/A|N/A|39|4080|10
40988|47967|79712|2|02609|0039|2004215|1195|FULTON AVENUE|20||5
40801|47967|79714|2|02609|0037|2004214|1199|FULTON AVENUE|20||5
42226|77|19053|1|01654|0029|1052393|242|EAST 105 STREET|48||6
42235|84|4360|1|00749|0024|1083599|315|8 AVENUE|2820||21
42239|86|204866|3|06962|0011|3188214|3502|BAY VIEW AVENUE|147||2
42244|89|47748|2|04836|0001|2063301|3911|BARNES AVENUE|81||7
42245|61|374984|3|01227|0023|3030999|738|ST MARKS AVENUE|21|5160|4
42247|91|228500|3|01189|0060|3029715|49|CROWN STREET|320||33
42249|94|809873|3|07250|0001|3257105|2780|WEST 5 STREET|2585||24
42257|76|808096|3|02166|0001|3323170|64|DIVISION AVENUE|534||7
42258|76|808095|3|02166|0001|3323169|60|DIVISION AVENUE|||7
42259|76|809953|3|02166|0001|3323171|541|WYTHE AVENUE|||7
42260|76|808094|3|02166|0001|3323168|50|DIVISION AVENUE|||7
42261|76|948344|3|02168|7501|3343951|111|CLYMER STREET|||7
42262|76|807981|3|02168|7501|3343950|115|CLYMER STREET|||7
42263|78|110472|2|02272|0022|2000104|443|ST ANNS AVENUE|84||12
2406|43129|940244|1|01616|0049|1088912|64|EAST 111 ST|6|11337|12
38233|43187|379784|3|07029|0001|3189297|3811|SURF AVENUE|41||7
7758|43214|921730|1|01914|0122||121|WEST 129TH STREET|4|1249|4
9646|43214|921709|1|01913|0048||134|W. 129TH STREET|10|2498|5
11416|43214|921728|1|01914|0023||119|WEST 129TH STREET|10|2498|5
13812|43214|921726|1|01913|0058||158|WEST 129TH STREET|10|2748|5
17482|43214|921725|1|01913|0056||152|W. 129TH STREET|24|4871|6
19116|43214|921727|1|01914|0024||115-117|WEST 129TH STREET|23|4996|6
21965|43214|921714|1|01913|0050||138|W 129TH STREET|10|2498|5
24023|43214|921724|1|01913|0051||140|W. 129TH STREET|10|2448|5
20857|43791|924768|N/A|N/A|N/A|N/A|N/A|N/A|41||3
18853|44894|929413|1|00762|0060||330|WEST 39 STREET|42||3
42413|125|109774|2|02724|0101|2005771|940|SIMPSON STREET|44|9313|6
42414|125|806947|2|02724|0001|2099788|941|SIMPSON STREET|36|7101|5
42415|125|79220|2|02723|0006|2005758|930|FOX STREET|49|9348|6
42416|125|806679|2|02724|0001|2005769|940|FOX STREET|40|7845|5
42417|125|64661|2|02724|0001|2099787|997|EAST 163 STREET|13|2835|5
42418|125|110199|2|02720|0093|2005737|751|SOUTHERN BOULEVARD|50|9348|6
42419|125|110200|2|02720|0088|2005736|763|SOUTHERN BOULEVARD|43|6642|6
42420|125|110203|2|02720|0084|2005735|771|SOUTHERN BOULEVARD|43|6642|6
42421|125|110204|2|02720|0080|2005734|779|SOUTHERN BOULEVARD|43|6642|6
42422|124|29276|1|00595|0022|1080177|456|WASHINGTON STREET|107|19199|10
42423|130|25262|1|01944|0018|1059061|400|MANHATTAN AVENUE|93|12000|7
42424|130|25266|1|01944|0045|1059073|408|MANHATTAN AVENUE||7000|7
42425|131|38590|1|01945|0009|1059093|353|WEST 118 STREET|70|5000|7
42426|131|38592|1|01945|0007|1059092|357|WEST 118 STREET||5000|7
42427|131|38597|1|01945|0005|1059091|365|WEST 118 STREET||5000|7
42428|126|812395|5|03307|0025|5109523|12|CARMEL COURT|100||2
42429|126|812396|5|03307|0025|5109522|15|CARMEL COURT|||2
42430|126|720538|5|03307|0025|5109521|2|CARMEL COURT|||2
42431|126|812397|5|03307|0025|5109524|21|CARMEL COURT|||2
42432|126|812398|5|03307|0025|5109525|22|CARMEL COURT|||2
42433|126|812399|5|03307|0025|5109527|32|CARMEL COURT|||2
42434|126|812400|5|03307|0025|5109526|33|CARMEL COURT|||2
42435|126|812401|5|03307|0025|5116732|5|CARMEL COURT|||2
42436|126|812402|5|03307|0025|5109529|51|CARMEL COURT|||2
42437|126|812403|5|03307|0025|5109530|61|CARMEL COURT|||2
42438|127|47164|2|04427|0004|2087904|2505|BARKER AVENUE|100|9547|7
42595|48877|951402|3|04452|0357|300000|766|EGAN STREET|1|800|2
42131|48877|950994|3|04586|0971|300000|900|ERSKINE STREET|1|800|2
42134|48877|951024|3|04586|0972|300000|902|ERSKINE STREET|1|800|2
42138|48877|951031|3|04586|0974|300000|906|ERSKINE STREET|1|800|2
42139|48877|951032|3|04586|0975|300000|908|ERSKINE STREET|1|800|2
42140|48877|951033|3|04586|0976|300000|910|ERSKINE STREET|1|800|2
42141|48877|951034|3|04586|0977|300000|912|ERSKINE STREET|1|800|2
42142|48877|951035|3|04586|0973|300000|904|ERSKINE STREET|1|800|2
42143|48877|951028|3|04452|0323|300000|693|VANDALIA AVENUE|1|800|2
42144|48877|951037|3|04452|0324|300000|695|VANDALIA AVENUE|1|800|2
42145|48877|951039|3|04452|0325|300000|697|VANDALIA AVENUE|1|800|2
42146|48877|951041|3|04452|0326|300000|699|VANDALIA AVENUE|1|800|2
42147|48877|951043|3|04452|0327|300000|701|VANDALIA AVENUE|1|800|2
42148|48877|951045|3|04452|0328|300000|703|VANDALIA AVENUE|1|800|2
42149|48877|951047|3|04452|0329|300000|705|VANDALIA AVENUE|1|800|2
42150|48877|951050|3|04452|0331|300000|709|VANDALIA AVENUE|1|800|2
42151|48877|951052|3|04452|0332|300000|711|VANDALIA AVENUE|1|800|2
42152|48877|951054|3|04452|0333|300000|713|VANDALIA AVENUE|1|800|2
42153|48877|951056|3|04452|0334|300000|715|VANDALIA AVENUE|1|800|2
42154|48877|951058|3|04452|0335|300000|717|VANDALIA AVENUE|1|800|2
42155|48877|951060|3|04452|0336|300000|719|VANDALIA AVENUE|1|800|2
42156|48877|951063|3|04452|0337|300000|721|VANDALIA AVENUE|1|800|2
42157|48877|951065|3|04452|0338|300000|723|VANDALIA AVENUE|1|800|2
42852|48877|951455|3|04452|0330|300000|707|VANDALIA AVENUE|1|800|2
42175|48877|951067|3|04452|0339|300000|725|VANDALIA AVENUE|1|800|2
42176|48877|951069|3|04452|0340|300000|727|VANDALIA AVENUE|1|800|2
42177|48877|951071|3|04452|0341|300000|729|VANDALIA AVENUE|1|800|2
42178|48877|951073|3|04452|0342|300000|731|VANDALIA AVENUE|1|800|2
42179|48877|951076|3|04452|0359|300000|733|VANDALIA AVENUE|1|800|2
42180|48877|951079|3|04452|0360|300000|735|VANDALIA AVENUE|1|800|2
42181|48877|951081|3|04452|0361|300000|737|VANDALIA AVENUE|1|800|2
42182|48877|951083|3|04452|0362|300000|739|VANDALIA AVENUE|1|800|2
42183|48877|951085|3|04452|0363|300000|741|VANDALIA AVENUE|1|800|2
42184|48877|951087|3|04452|0364|300000|743|VANDALIA AVENUE|1|800|2
42185|48877|951089|3|04452|0365|300000|745|VANDALIA AVENUE|1|800|2
42186|48877|951091|3|04452|0366|300000|747|VANDALIA AVENUE|1|800|2
42187|48877|951093|3|04452|0367|300000|749|VANDALIA AVENUE|1|800|2
42188|48877|951095|3|04452|0368|300000|751|VANDALIA AVENUE|1|800|2
42189|48877|951097|3|04452|0369|300000|753|VANDALIA AVENUE|1|800|2
42190|48877|951099|3|04452|0370|300000|755|VANDALIA AVENUE|1|800|2
42191|48877|951101|3|04452|0371|300000|757|VANDALIA AVENUE|1|800|2
42192|48877|951103|3|04452|0372|300000|759|VANDALIA AVENUE|1|800|2
42193|48877|951105|3|04452|0373|300000|761|VANDALIA AVENUE|1|800|2
42194|48877|951107|3|04452|0374|300000|763|VANDALIA AVENUE|1|800|2
42557|48877|951318|3|04452|0301|300000|694|EGAN STREET|1|800|2
42558|48877|951319|3|04452|0302|300000|696|EGAN STREET|1|800|2
42559|48877|951320|3|04452|0303|300000|698|EGAN STREET|1|800|2
42560|48877|951321|3|04452|0304|300000|700|EGAN STREET|1|800|2
42561|48877|951322|3|04452|0305|300000|702|EGAN STREET|1|800|2
42562|48877|951323|3|04452|0306|300000|704|EGAN STREET|1|800|2
42563|48877|951324|3|04452|0307|300000|706|EGAN STREET|1|800|2
42564|48877|951325|3|04452|0308|300000|708|EGAN STREET|1|800|2
42565|48877|951326|3|04452|0309|300000|710|EGAN STREET|1|800|2
42566|48877|951327|3|04452|0310|300000|712|EGAN STREET|1|800|2
42567|48877|951328|3|04452|0311|300000|714|EGAN STREET|1|800|2
42568|48877|951329|3|04452|0312|300000|716|EGAN STREET|1|800|2
42569|48877|951330|3|04452|0313|300000|718|EGAN STREET|1|800|2
42570|48877|951331|3|04452|0314|300000|720|EGAN STREET|1|800|2
42571|48877|951332|3|04452|0315|300000|722|EGAN STREET|1|800|2
42572|48877|951333|3|04452|0316|300000|724|EGAN STREET|1|800|2
42573|48877|951334|3|04452|0317|300000|726|EGAN STREET|1|800|2
42574|48877|951335|3|04452|0318|300000|728|EGAN STREET|1|800|2
42575|48877|951336|3|04452|0319|300000|730|EGAN STREET|1|800|2
42576|48877|951337|3|04452|0320|300000|732|EGAN STREET|1|800|2
42577|48877|951338|3|04452|0321|300000|734|EGAN STREET|1|800|2
42578|48877|951339|3|04452|0322|300000|736|EGAN STREET|1|800|2
42580|48877|951387|3|04452|0343|300000|738|EGAN STREET|1|800|2
42581|48877|951388|3|04452|0344|300000|740|EGAN STREET|1|800|2
42582|48877|951389|3|04452|0345|300000|742|EGAN STREET|1|800|2
42583|48877|951390|3|04452|0346|300000|744|EGAN STREET|1|800|2
42584|48877|951391|3|04452|0347|300000|746|EGAN STREET|1|800|2
42585|48877|951392|3|04452|0348|300000|748|EGAN STREET|1|800|2
42586|48877|951393|3|04452|0349|300000|750|EGAN STREET|1|800|2
42587|48877|951394|3|04452|0350|300000|752|EGAN STREET|1|800|2
42588|48877|951395|3|04452|0351|300000|754|EGAN STREET|1|800|2
42589|48877|951396|3|04452|0352|300000|756|EGAN STREET|1|800|2
42590|48877|951397|3|04452|0353|300000|758|EGAN STREET|1|800|2
42591|48877|951398|3|04452|0354|300000|760|EGAN STREET|1|800|2
42592|48877|951399|3|04452|0355|300000|762|EGAN STREET|1|800|2
42593|48877|951400|3|04452|0356|300000|764|EGAN STREET|1|800|2
42594|48877|951401|3|04452|0358|300000|768|EGAN STREET|1|800|2
40496|48518|677046|4|10408|0024|4221498|186-07|MANGIN AVENUE|1|900|3
40452|48530|48075|2|04604|0022|2056384|794|BARTHOLDI STREET|1|540|2
40732|44998|939498|2|02931|0084|200000|1331|FRANKLIN AVENUE|99||5
39827|45676|933473|2|02934|0020|200000|1346|CLINTON AVENUE|80|5703|7
40372|48356|65052|2|02480|0001|2101464|50|EAST 168 STREET|132||
40748|48287|88571|2|02636|0039|2004534|749|JACKSON AVENUE|10||5
40749|48287|58960|2|02411|0045|2001877|623|COURTLANDT AVENUE|24||5
40750|48287|62854|2|02551|0045|2003630|647|EAST 138 STREET|12||6
40751|48287|60307|2|02554|0044|2003661|353|CYPRESS AVENUE|36||5
40752|48287|110175|2|02603|0020|2004126|582|SOUTHERN BOULEVARD|35||6
40753|48287|110176|2|02603|0022|2004127|586|SOUTHERN BOULEVARD|35||5
40754|48287|63194|2|02568|0060|2003819|700|EAST 141 STREET|28||6
40755|48287|91427|2|02684|0076|2005101|990|LEGGETT AVENUE|30||6
40756|48287|62858|2|02566|0005|2003790|678|EAST 138 STREET|11||6
40757|48287|88572|2|02636|0038|2004533|751|JACKSON AVENUE|10||5
39897|45998|927801|3|01520|0041|300000|106|HOPKINSON AVENUE|4||
39898|45998|935364|3|01520|0069|300000|237|SUMPTER STREET|4||
39899|45998|927802|3|01533|0035|300000|220|MAC DOUGAL STREET|4||
39900|45998|935365|3|01537|0001|300000|2019|FULTON STREET|4||
39901|45998|927809|3|01647|0019|300000|728|MADISON STREET|4||
39902|45998|927806|3|01708|0037|300000|766|HERKIMER STREET|3||
39903|45998|927808|3|04234|0023|300000|516|CRESCENT STREET|3||5
41423|47769|313534|3|02425|0004|3063204|370|HOOPER STREET|6|1560|6
40315|47825|65034|2|02466|0044|2002864|125|EAST 168 STREET|45||5
41906|44255|18777|1|01649|0009|1052383|213|EAST 99 STREET|90||
39910|45781|935972|1|01600|0020|100000|1|WEST 116 STREET|111|5000|9
39918|45001|937075|2|05039|0007|200000|4339|WHITE PLAINS ROAD|61||7
39795|45317|932127|2|03058|0041|200000|499|EAST 188 STREET|40||9
41957|49940|497296|4|09683|0033|4206890|139-07|89 AVENUE|2||2
22171|45820|11411|1|00378|0010|1004530|712|EAST 9 STREET|45|10000|5
41367|48899|4623|1|00747|0001|1078541|212|9 AVENUE|186|71700|21
41368|48899|31596|1|00748|0001|1083596|311|WEST 24 STREET|378|206175|21
41369|48899|805574|1|00748|0001|1083598|341|WEST 24 STREET|378|206175|21
41370|48899|4360|1|00749|0024|1083599|315|8 AVENUE|186|59250|21
41371|48899|4636|1|00751|0001|1082794|270|9 AVENUE|378|393100|21
41372|48899|803934|1|00751|0001|1082793|345|8 AVENUE|378|393100|21
41373|48899|805584|1|00751|0001|1082796|330|WEST 28 STREET|378|393100|21
41374|48899|4371|1|00752|0001|1083604|363|8 AVENUE|186|84550|21
41375|48899|805585|1|00752|0001|1083605|365|WEST 28 STREET|186|84550|21
41376|48899|4633|1|00749|0001|1013458|365|WEST 25 STREET|186|49375|21
12984|43190|227583|3|04118|0029|3091672|116|CRESCENT STREET|5|4125|3
15067|43190|227585|3|04118|0032|3091674|122|CRESCENT STREET|12|12375|3
26192|43190|316390|3|04101|0014|3090758|656|JAMAICA AVENUE|5|5249|3
34633|43190|317934|3|03950|0039|3087864|188|JEROME STREET|5|5200|4
42439|128|47173|2|04428|0021|2051290|2540|BARKER AVENUE|116|11430|7
42440|132|50475|2|02940|0065|2009883|1695|BOSTON ROAD|142|17200|6
42441|132|50477|2|02940|0058|2009882|1719|BOSTON ROAD||17200|6
42442|133|785118|5|02893|0001|5043578|195|STEUBEN STREET|198|14258|6
42443|133|785126|5|02894|0001|5043579|231|STEUBEN STREET||14258|6
7527|39397|807660|3|07447|0028|3320930|2965|AVENUE Z|135||21
23005|39397|807687|3|07447|0028|3320929|2560|BATCHELDER STREET|135||8
24318|39397|199381|3|07447|0028|3320931|2520|BATCHELDER STREET|135||8
36298|39397|807686|3|07447|0028|3320928|2540|BATCHELDER STREET|135||8
41078|48002|396200|3|03211|0017|3072995|1344|WILLOUGHBY AVENUE|3|1478|3
41079|48002|340299|3|03012|0008|3070725|26|MORGAN AVENUE|5|1494|3
41080|48002|230079|3|03248|0011|3073908|1560|DE KALB AVENUE|5|1615|3
41082|48002|210828|3|03305|0019|3075614|64|BLEECKER STREET|3|1563|3
41164|48002|303867|3|03289|0044|3075122|1351|GREENE AVENUE|6|1953|3
41165|48002|303837|3|03287|0040|3075083|1285|GREENE AVENUE|5|1373|4
41166|48002|377625|3|03246|0038|3073844|195|STOCKHOLM STREET|5|1600|3
41167|48002|302967|3|03456|0045|3080321|27|GRANITE STREET|5|1648|3
41168|48002|396127|3|03209|0012|3072931|1116|WILLOUGHBY AVENUE|4|1375|3
41169|48002|398306|3|03320|0001|3075982|279|WYCKOFF AVENUE|2|2219|3
41170|48002|398316|3|03329|0001|3076194|299|WYCKOFF AVENUE|3|1500|3
39928|44454|921857|2|02697|0038||920-924|WESTCHESTER AVENUE|110||8
29893|45888|117113|2|03304|0069|2017139|2665|VALENTINE AVENUE|40||5
381|45907|367914|3|01383|0045|3037029|262|SCHENECTADY AVENUE|8||3
3555|45907|373671|3|01377|0045|3036773|1315|ST JOHNS PLACE|8||4
3938|45907|373670|3|01383|0029|3037017|1312|ST JOHNS PLACE|8||4
10106|45907|362400|3|01380|0007|3036882|229|ROCHESTER AVENUE|6||3
29172|45907|373666|3|01377|0047|3036775|1307|ST JOHNS PLACE|8||4
32507|45907|362398|3|01380|0010|3036885|223|ROCHESTER AVENUE|6||4
32152|45907|373664|3|01377|0048|3036776|1303|ST JOHNS PLACE|8||3
35671|45907|362386|3|01368|0006|3036298|183|ROCHESTER AVENUE|16||4
38271|45907|809288|3|01380|0008|3036884|225|ROCHESTER AVENUE|6||6
38353|45907|373669|3|01377|0046|3036774|1311|ST JOHNS PLACE|8||4
40431|48513|933758|4|08943|0020|4461886|74-34|ROCKAWAY BOULEVARD|2|520|2
41409|47960|81557|2|03209|0045|2014559|2333|GRAND AVENUE|44||6
41410|47960|51236|2|03293|0039|2016794|2600|BRIGGS AVENUE|36||5
41411|47960|59221|2|03165|0022|2013793|2414|CRESTON AVENUE|30||5
41412|47960|114432|2|03145|0026|2013410|2279|TIEBOUT AVENUE|15||4
4503|45915|19623|1|01621|0064|1051657|14|EAST 116 STREET|10||5
5742|45915|20602|1|01789|0026|1054666|260|EAST 125 STREET|12||5
13093|45915|19763|1|01621|0049|1051650|54|EAST 116 STREET|9||5
32569|45915|19602|1|01621|0066|1051659|10|EAST 116 STREET|10||5
41207|48132|5653|1|02079|0034|1061988|1772|AMSTERDAM AVENUE|9|1859|5
41208|48132|28239|1|02065|0026|1061579|801|ST NICHOLAS AVENUE|42|7995|6
41209|48132|21283|1|02054|0016|1061167|369|EDGECOMBE AVENUE|16|2595|5
40494|48579|940495|1|00372|0044|100000|310|EAST 2 STREET|135|10000|12
40948|48794|62836|2|02550|0008|2003605|572|EAST 138 STREET|10|3417|5
40949|48794|62837|2|02550|0010|2003606|574|EAST 138 STREET|24|5000|6
40950|48794|63883|2|02398|0009|2001662|356|EAST 152 STREET|13|2858|5
40951|48794|902977|2|02284|0062|2091062|285|BROOK AVENUE|15|20401|5
41092|48794|806338|2|02284|0062|2091061|283|BROOK AVENUE|15|20401|5
41093|48794|52677|2|02284|0062|2091063|277|BROOK AVENUE|14|20401|5
41094|48794|806337|2|02284|0062|2091060|281|BROOK AVENUE|15|20401|5
42199|59|942001|3|02468|0001||11|BROADWAY|160|10208|14
42200|60|353351|3|00236|7502|3001825|59|PIERREPONT STREET|189||17
42201|62|231329|3|01127|0056|3027604|461|DEAN STREET|363|9644|32
42204|64|357481|3|01777|0015|3049568|248|PULASKI STREET|72||6
42205|65|79476|2|03258|0073|2015820|3400|FT INDEPENDENCE STREET|171||14
42210|68|691523|4|16129|0001|4457806|8000|SHORE FRONT PARKWAY|1758||12
42222|74|808459|3|01952|0016|3329903|255|GREENE AVENUE|150||7
41566|48644|948176|2|03070|0008|200000|600|EAST 181 STREET|108|9171|9
40714|48012|939257|2|03515|0040|200000|391|BRONX RIVER AVENUE|86|11802|8
41582|50156|948201|2|03013|0029|200000|1493|WEST FARMS ROAD|110|14181|9
41096|49338|944796|2|03013|0029|2094591|1512|BOONE AVENUE|127|11561|15
42029|50407|395827|3|03818|0033|3084957|486|WILLIAMS AVENUE|13|3098|5
42030|50407|395829|3|03818|0035|3084958|490|WILLIAMS AVENUE|13|3098|5
42031|50407|395830|3|03818|0037|3084959|496|WILLIAMS AVENUE|13|3098|5
42032|50407|395833|3|03818|0039|3084960|502|WILLIAMS AVENUE|13|3098|5
42033|50407|395834|3|03819|0013|3084972|503|WILLIAMS AVENUE|8|3280|3
42034|50407|395836|3|03818|0041|3084961|508|WILLIAMS AVENUE|16|3731|5
42035|50407|395840|3|03818|0043|3084962|514|WILLIAMS AVENUE|16|3731|5
42036|50407|395843|3|03818|0046|3084963|520|WILLIAMS AVENUE|16|3731|5
42037|50407|395844|3|03818|0049|3084964|526|WILLIAMS AVENUE|16|3731|5
42038|50407|809283|3|03818|0052|3084965|532|WILLIAMS AVENUE|16|3240|5
42040|50407|313104|3|03835|0016|3085395|523|HINSDALE STREET|4|1600|3
42041|50407|395849|3|03835|0028|3252666|542|WILLIAMS AVENUE|6|1760|4
42042|50407|395877|3|03835|0044|3085414|584|WILLIAMS AVENUE|9|2800|4
42043|50407|395846|3|03836|0025|3085432|535|WILLIAMS AVENUE|8|1773|3
42044|50407|809877|3|03836|0025|3394182|539|WILLIAMS AVENUE|2|1773|3
42045|50407|362337|3|03836|0026|3085433|520|RIVERDALE AVENUE|3|1350|3
42046|50407|949647|3|03836|0026|3085434|522|RIVERDALE AVENUE|3|1350|3
42047|50407|362339|3|03836|0030|3085436|526|RIVERDALE AVENUE|3|1350|3
42048|50407|183060|3|03837|0026|3085464|539|ALABAMA AVENUE|6|1833|4
42049|50407|807552|3|03837|0026|3085463|543|ALABAMA AVENUE|6|1833|4
42050|50407|807553|3|03837|0026|3085462|545|ALABAMA AVENUE|6|1833|4
42051|50407|353145|3|03822|0027|3085055|518|PENNSYLVANIA AVENUE|19|5160|5
42052|50407|234974|3|04065|0001|3090131|973|DUMONT AVENUE|19|3730|5
42099|50407|342753|3|04297|0003|3096325|332|NEW LOTS AVENUE|3|1073|4
42100|50407|808939|3|04297|0005|3331367|340|NEW LOTS AVENUE|6|2750|4
42101|50407|808942|3|04297|0005|3331370|348|NEW LOTS AVENUE|7|2750|4
42102|50407|362334|3|03834|0020|3085371|474|RIVERDALE AVENUE|12|2870|4
42103|50407|354251|3|04003|0129|3088969|2447|PITKIN AVENUE|6|2325|4
42104|50407|940975|3|04003|0029|3088965|2449|PITKIN AVENUE|6|2325|4
41668|50407|342748|3|03838|0068|3085511|325|NEW LOTS AVENUE|3|3680|3
41669|50407|342738|3|04296|0002|3096273|300|NEW LOTS AVENUE|3|1292|3
41670|50407|342739|3|04296|0003|3096274|302|NEW LOTS AVENUE|3|1292|3
41671|50407|342742|3|04296|0005|3096276|306|NEW LOTS AVENUE|3|1254|3
41672|50407|342744|3|04296|0007|3319734|310|NEW LOTS AVENUE|3|1059|4
41673|50407|342745|3|04296|0009|3319735|312|NEW LOTS AVENUE|10|3531|4
41676|50407|300002|3|04296|0032|3096300|692|GEORGIA AVENUE|3|926|3
41677|50407|342757|3|04297|0005|3096327|336|NEW LOTS AVENUE|3|5500|4
41678|50407|299970|3|04297|0071|3096380|653|GEORGIA AVENUE|2|694|3
41679|50407|299963|3|04297|0074|3096383|645|GEORGIA AVENUE|2|694|3
41680|50407|353190|3|03840|0003|3085552|611|PENNSYLVANIA AVENUE|15|3391|5
41681|50407|289096|3|03986|0001|3393458|335|ELTON STREET|16|7122|3
41682|50407|913572|3|03985|0005|3392546|336|ELTON STREET|24|7554|3
41683|50407|342523|3|03824|0005|3085074|633|NEW JERSEY AVENUE|4|1420|3
41684|50407|342526|3|03824|0001|3085071|641|NEW JERSEY AVENUE|6|2100|4
41685|50407|342533|3|03840|0035|3085571|660|NEW JERSEY AVENUE|3|900|4
41686|50407|342542|3|03841|0007|3085588|673|NEW JERSEY AVENUE|4|1716|3
41687|50407|362352|3|03840|0031|3085569|620|RIVERDALE AVENUE|3|1300|4
41688|50407|362349|3|03840|0029|3085567|614|RIVERDALE AVENUE|3|1300|4
41689|50407|328562|3|04262|0042|3095635|596|LOGAN STREET|6|1760|4
41690|50407|207683|3|04249|0018|3095391|970|BELMONT AVENUE|23|4177|5
41691|50407|207686|3|04249|0021|3095392|980|BELMONT AVENUE|16|3600|5
41692|50407|379928|3|04246|0038|3095335|1163|SUTTER AVENUE|22|6480|5
41693|50407|354170|3|03997|0133|3088845|2307|PITKIN AVENUE|3|1100|4
41694|50407|940976|3|04003|0030|3088966|2445|PITKIN AVENUE|1|4650|4
41695|50407|354165|3|03997|0037|3088844|2297|PITKIN AVENUE|10|3900|4
39252|44405|926971|3|02107|0024|3059171|250|ASHLAND PLACE|586|23700|52
41747|50205|97967|2|03777|0040|2025369|1265|MORRISON AVENUE|59|7655|6
41748|50205|65477|2|03866|0005|2027461|1585|EAST 172 STREET|49|7536|5
41749|50205|65478|2|03866|0001|2027460|1589|EAST 172 STREET|59|7904|5
41750|50205|111969|2|03777|0035|2025368|1268|STRATFORD AVENUE|59|7722|6
41751|50205|116780|2|02532|0020|2003534|1350|DR M L KING JR BOULEVARD|43|6602|5
41795|49173|946227|2|03318|0029|200000|2808|JEROME AVENUE|31|3184|7
41546|50181|948130|1|01538|0010|100000|203|EAST 92 STREET|231|19026|36
41623|50329|948333|1|01064|0044|100000|424|WEST 55 STREET|17|2633|7
42071|49690|949890|1|00862|0020|100000|160|MADISON AVENUE|319|306048|42
41552|49706|948157|3|02333|0001|300000|149|KENT AVENUE|164|40065|7
41834|45265|38124|1|01829|0039|1055159|204|WEST 114 STREET|70|125652|5
41839|45265|38135|1|01829|0050|1055170|226|WEST 114 STREET|98|124698|5
41039|49171|806372|2|02621|0001|2004388|955|CAULDWELL AVENUE|64|12276|5
41040|49171|806307|2|02621|0001|2004388|970|BOSTON ROAD|63|12276|5
41041|49171|64618|2|02632|0001|2004497|665|EAST 163 STREET|62|12276|5
41042|49171|113704|2|02621|0001|2004388|3250|3 AVENUE|63|10423|6
40471|48533|89497|2|02711|0006|2005618|916|KELLY STREET|17||4
40472|48533|89499|2|02711|0007|2005619|920|KELLY STREET|16||4
40473|48533|89500|2|02711|0008|2005620|924|KELLY STREET|8||4
40474|48533|89501|2|02711|0010|2005621|928|KELLY STREET|8||4
40475|48533|89503|2|02703|0018|2005453|935|KELLY STREET|32||5
43607|134|952514|4|12529|0230|400000|169-30|BAISLEY BOULEVARD|54|6656|8
43608|135|42693|1|02068|0074|1077383|458|WEST 155 STREET|98|5509|12
43609|136|120780|2|03360|0062|2000000|3556|WEBSTER AVENUE|79|14525|8
